0 1 13418.7 190.59 112956 1653.67 0.014894 0.00308652
0 2 13578 808.013 143859 8870.52 0.0620118 0.00687547
0 3 13415.5 1575.19 195498 23204.7 0.125796 0.011133
0 4 14518.1 2615.21 308240 56228 0.193361 0.0155156
0 5 13543.9 2877.64 429659 92223.8 0.221996 0.0204642
0 6 13815.9 3510.29 673816 168894 0.25849 0.0261293
0 7 14524.9 3039.44 1.11036e+06 233531 0.220308 0.0306528
0 8 13796.3 2979.72 1.68571e+06 360729 0.274784 0.046159
0 9 20076.2 6392.25 4.33327e+06 1.41304e+06 0.334848 0.0513227
0 10 12570.6 2012.32 5.033e+06 816562 0.204338 0.0732871
1 1 17452.5 192.278 146579 1683.53 0.0110172 0.00233749
1 2 16667.8 981.084 177581 10870.8 0.0603771 0.00615499
1 3 17642.8 2270.35 258914 33605.4 0.13266 0.00989493
1 4 17027.4 2641.24 361344 56334.9 0.169445 0.0136095
1 5 16994.9 3391.48 540137 109027 0.2098 0.0179859
1 6 17198.7 3872.08 839292 187194 0.251603 0.0238447
1 7 18241.5 4416.02 1.38202e+06 335838 0.256898 0.0290271
1 8 15886.2 3857.06 1.90258e+06 473229 0.323733 0.0465515
1 9 28917.3 5600.17 6.52232e+06 1.21462e+06 0.259773 0.0444678
1 10 13876.4 2849.09 5.59279e+06 1.17194e+06 0.227164 0.0727814
2 1 39490.6 483.954 331900 4265.18 0.0129625 0.00169313
2 2 39431.6 2446.01 418455 26625.4 0.0647039 0.00410348
2 3 39129.8 5019.89 571591 74597.6 0.135554 0.00674733
2 4 40319.6 6859.46 856806 148759 0.181621 0.00909839
2 5 38676.6 7563.41 1.22451e+06 238661 0.213547 0.0120978
2 6 40127.2 7213.59 1.92892e+06 349431 0.20704 0.0146907
2 7 40211.5 9048.54 3.06961e+06 693544 0.239808 0.0190144
2 8 41081.8 9578.54 4.96569e+06 1.1673e+06 0.249991 0.0240908
2 9 66290.9 15151.5 1.46131e+07 3.26203e+06 0.25358 0.0257364
2 10 36959.3 11749.3 1.47585e+07 4.99486e+06 0.325746 0.0498237
3 1 76003.4 796.775 638893 6913.21 0.0113438 0.00113561
3 2 76697.8 4318.14 816062 47007.4 0.0587373 0.00281544
3 3 75499.8 8507.12 1.10623e+06 126588 0.118389 0.00457658
3 4 75998.1 11665.3 1.60559e+06 248437 0.164192 0.00630049
3 5 78775.3 14327.2 2.50206e+06 457968 0.196902 0.00819514
3 6 78831.6 15433.6 3.8703e+06 754312 0.223881 0.010858
3 7 76170.7 17379.5 5.81006e+06 1.32642e+06 0.260722 0.0145645
3 8 76850.3 15963.2 9.27788e+06 1.91724e+06 0.25427 0.0186213
3 9 119392 27711 2.61745e+07 6.05749e+06 0.278428 0.0208433
3 10 77129.9 18688.2 3.00171e+07 7.37847e+06 0.256669 0.0314325
4 1 130197 1357.41 1.09559e+06 11833.3 0.010783 0.000846201
4 2 128965 7160.09 1.37193e+06 77919.6 0.0575051 0.00214658
4 3 129125 13546.5 1.8892e+06 200829 0.111237 0.00340552
4 4 130941 20769.2 2.77835e+06 445723 0.167243 0.00483535
4 5 131548 23928.3 4.1816e+06 764502 0.197581 0.00637874
4 6 132226 24787.2 6.45529e+06 1.21057e+06 0.203979 0.0079525
4 7 130701 27201.8 9.97317e+06 2.06985e+06 0.242988 0.0110075
4 8 129438 29300.1 1.56235e+07 3.57187e+06 0.260686 0.0141703
4 9 209043 47853.7 4.62804e+07 1.06993e+07 0.258036 0.015019
4 10 108804 29923.9 4.32019e+07 1.20228e+07 0.304393 0.028531
5 1 198664 1893.35 1.6707e+06 16545.1 0.0104218 0.000675936
5 2 199287 9621.79 2.117e+06 104997 0.0509341 0.00163614
5 3 200830 19440.8 2.94108e+06 288356 0.100944 0.00260631
5 4 195690 26115.8 4.15976e+06 557435 0.142527 0.00370276
5 5 194917 30848.5 6.20933e+06 988683 0.17099 0.00492187
5 6 200207 35502 9.79739e+06 1.73662e+06 0.19604 0.00639816
5 7 195596 37292.5 1.4895e+07 2.86801e+06 0.217868 0.00853536
5 8 203242 39672.9 2.46014e+07 4.82783e+06 0.229311 0.010806
5 9 302724 54337.5 6.7034e+07 1.19534e+07 0.203575 0.0112988
5 10 196885 43116.9 7.85115e+07 1.74723e+07 0.242468 0.0196427
6 1 309011 2169.65 2.60029e+06 18861.2 0.0078063 0.000468832
6 2 304841 13298.4 3.2392e+06 144957 0.0456727 0.00125409
6 3 307123 25473.9 4.49589e+06 379601 0.0878839 0.00198955
6 4 309122 35682.2 6.55453e+06 764935 0.124163 0.00278511
6 5 307390 42153.4 9.76697e+06 1.34799e+06 0.150679 0.00373105
6 6 314669 48184.3 1.53491e+07 2.3592e+06 0.171772 0.00485604
6 7 313554 52396.8 2.39271e+07 4.05025e+06 0.190192 0.006387
6 8 298418 50015 3.59038e+07 6.00398e+06 0.197897 0.00832697
6 9 445641 78723.1 9.87721e+07 1.7364e+07 0.20673 0.00957592
6 10 300174 47270.1 1.20411e+08 1.89896e+07 0.181686 0.0141781
7 1 200010 1134.37 1.68225e+06 9841.29 0.00613846 0.000516111
7 2 198560 7133.59 2.11069e+06 77396 0.0381784 0.00142451
7 3 199914 14092 2.92563e+06 209481 0.0736413 0.00226434
7 4 196349 18826.2 4.16753e+06 402223 0.102391 0.00319871
7 5 200455 24150.3 6.38408e+06 773415 0.131981 0.00435385
7 6 202318 25835.3 9.89693e+06 1.26392e+06 0.1442 0.00560361
7 7 206554 26881.8 1.57719e+07 2.06731e+06 0.157874 0.00732133
7 8 199998 26877.2 2.42439e+07 3.22807e+06 0.159372 0.00932618
7 9 303670 43709.1 6.69566e+07 9.46418e+06 0.169712 0.0105321
7 10 201445 27458.5 8.04122e+07 1.11246e+07 0.155624 0.0162353
8 1 198255 936.943 1.66865e+06 8143.06 0.00505452 0.000470732
8 2 200531 6340.62 2.13102e+06 69109.5 0.0334666 0.00133303
8 3 198059 10914.2 2.89694e+06 162619 0.058553 0.0020514
8 4 202458 16662.6 4.29668e+06 356722 0.0880055 0.00293906
8 5 201902 21273.6 6.41592e+06 678044 0.116548 0.00410981
8 6 194368 21897.1 9.48331e+06 1.07052e+06 0.130461 0.005515
8 7 197995 25318.5 1.49866e+07 1.92592e+06 0.14828 0.00723618
8 8 205273 27788 2.49158e+07 3.37833e+06 0.158074 0.00918797
8 9 305649 39854.5 6.72669e+07 8.72962e+06 0.161861 0.01067
8 10 210456 27216.5 8.5137e+07 1.10857e+07 0.15408 0.0158521
