0 1 670 5 670 5 0.00746269 0.00332494
0 2 660 41 660 41 0.0712121 0.0101082
0 3 682 76 682 76 0.111437 0.0120494
0 4 653 104 653 104 0.168453 0.0148072
0 5 715 131 715 131 0.198601 0.0152035
0 6 660 133 660 133 0.216667 0.0163433
0 7 712 161 712 161 0.242978 0.016427
0 8 703 159 703 159 0.273115 0.0178569
0 9 1031 278 1031 278 0.303589 0.0150019
0 10 661 175 661 175 0.290469 0.0182866
1 1 842 11 842 11 0.0142518 0.00408963
1 2 845 44 845 44 0.0532544 0.00773408
1 3 886 97 886 97 0.117381 0.0109099
1 4 840 111 840 111 0.140476 0.0121049
1 5 868 169 868 169 0.213134 0.014222
1 6 811 175 811 175 0.233046 0.015176
1 7 853 190 853 190 0.247362 0.0152492
1 8 878 214 878 214 0.27221 0.0155979
1 9 1289 325 1289 325 0.275407 0.0128359
1 10 810 184 810 184 0.249383 0.0156456
2 1 1933 16 1933 16 0.0108639 0.00236395
2 2 1963 126 1963 126 0.0677534 0.00569411
2 3 1914 200 1914 200 0.107106 0.00708928
2 4 1973 310 1973 310 0.169285 0.00856525
2 5 1972 387 1972 387 0.212475 0.00939943
2 6 1985 394 1985 394 0.21864 0.0095133
2 7 1961 436 1961 436 0.251402 0.0101698
2 8 2052 489 2052 489 0.274854 0.0103402
2 9 2915 739 2915 739 0.289194 0.00880893
2 10 1962 481 1962 481 0.270642 0.010375
3 1 3772 38 3772 38 0.0113998 0.00173083
3 2 3811 227 3811 227 0.061926 0.00391405
3 3 3766 423 3766 423 0.116038 0.00524078
3 4 3790 553 3790 553 0.153034 0.00589699
3 5 3855 718 3855 718 0.198703 0.00652578
3 6 3837 750 3837 750 0.218139 0.0068577
3 7 3709 823 3709 823 0.246158 0.00729737
3 8 3775 822 3775 822 0.247682 0.00729989
3 9 5611 1342 5611 1342 0.27054 0.00618033
3 10 3803 927 3803 927 0.264265 0.00734681
4 1 6519 61 6519 61 0.00981746 0.00122171
4 2 6470 366 6470 366 0.0595054 0.00295023
4 3 6525 689 6525 689 0.110498 0.00390249
4 4 6348 878 6348 878 0.147921 0.00450588
4 5 6488 1169 6488 1169 0.191893 0.00495923
4 6 6497 1237 6497 1237 0.212406 0.0052142
4 7 6475 1355 6475 1355 0.235521 0.00545134
4 8 6327 1324 6327 1324 0.247195 0.00568999
4 9 9648 2132 9648 2132 0.251658 0.00459568
4 10 6365 1462 6365 1462 0.253417 0.0056226
5 1 9819 106 9819 106 0.0120175 0.00110099
5 2 9898 462 9898 462 0.0491008 0.00217742
5 3 9713 899 9713 899 0.0971893 0.00302098
5 4 9783 1314 9783 1314 0.143105 0.00357656
5 5 9889 1518 9889 1518 0.166346 0.00380201
5 6 9862 1822 9862 1822 0.20432 0.00415881
5 7 9722 1804 9722 1804 0.209319 0.00424816
5 8 9791 1905 9791 1905 0.225615 0.00439035
5 9 14664 3027 14664 3027 0.237452 0.00365414
5 10 9864 2123 9864 2123 0.237328 0.00440606
6 1 14938 107 14938 107 0.00763154 0.000712363
6 2 15006 622 15006 622 0.0435826 0.00167037
6 3 14899 1218 14899 1218 0.0859118 0.00230627
6 4 15200 1723 15200 1723 0.121053 0.00266881
6 5 15188 2071 15188 2071 0.149394 0.00293655
6 6 15133 2379 15133 2379 0.174321 0.0031473
6 7 15030 2488 15030 2488 0.189953 0.00329466
6 8 15071 2538 15071 2538 0.202375 0.00340925
6 9 22713 4036 22713 4036 0.204685 0.00276652
6 10 15319 2877 15319 2877 0.207716 0.00335899
7 1 9815 62 9815 62 0.00662252 0.000818949
7 2 9848 341 9848 341 0.0363526 0.00188942
7 3 9922 680 9922 680 0.0722637 0.00260982
7 4 9806 959 9806 959 0.105242 0.00312453
7 5 9939 1190 9939 1190 0.1311 0.00342945
7 6 9678 1340 9678 1340 0.153854 0.00373376
7 7 9863 1455 9863 1455 0.173172 0.00392658
7 8 9675 1460 9675 1460 0.183979 0.00409577
7 9 14759 2333 14759 2333 0.184294 0.00329249
7 10 9698 1561 9698 1561 0.179522 0.00398437
8 1 10111 51 10111 51 0.00524182 0.000718272
8 2 10205 315 10205 315 0.033023 0.00177287
8 3 10148 594 10148 594 0.0626725 0.00241659
8 4 10099 900 10099 900 0.095356 0.00294271
8 5 10132 1061 10132 1061 0.116167 0.00322428
8 6 10211 1268 10211 1268 0.140535 0.00350415
8 7 10267 1251 10267 1251 0.143956 0.00355286
8 8 10194 1287 10194 1287 0.154306 0.00369467
8 9 15445 2175 15445 2175 0.163937 0.0030602
8 10 10507 1500 10507 1500 0.158561 0.00362974
