0 1 12882.1 173.71 108235 1512.33 0.0134847 0.00299769
0 2 12637.3 719.273 134116 7884.26 0.0598553 0.00702467
0 3 13119 1567.98 192156 23595.9 0.125783 0.0113255
0 4 12505.9 1852.06 265538 39900.3 0.158638 0.0154642
0 5 12484.9 2600.36 400116 83497.7 0.218566 0.0212572
0 6 14212.1 3018.49 689050 146487 0.229261 0.0251515
0 7 13418.3 3936.94 1.02376e+06 308286 0.313818 0.0361676
0 8 11947.9 2911.56 1.43835e+06 344023 0.314825 0.0517313
0 9 21342.2 5393.06 4.78118e+06 1.2127e+06 0.266324 0.045626
0 10 12456.9 3677.62 5.10713e+06 1.52013e+06 0.318609 0.0862645
1 1 16927.9 236.153 142624 2069.24 0.0144993 0.00272352
1 2 16382.4 1012.52 173802 10856.5 0.0633147 0.00625012
1 3 15517.8 1708.23 227183 25565.9 0.11196 0.00980075
1 4 15958.3 2299.25 342183 49557.2 0.155041 0.0135645
1 5 16122.4 3039.65 512978 98362.6 0.195663 0.0178663
1 6 17237.4 3167.58 842983 156623 0.200145 0.0218551
1 7 16015.9 3495.54 1.23195e+06 270667 0.266596 0.0332478
1 8 13544.4 2903 1.60798e+06 354531 0.239922 0.0417703
1 9 22840.9 5651.39 5.19113e+06 1.31123e+06 0.288012 0.0485267
1 10 15819.8 3392.13 6.22262e+06 1.2894e+06 0.270446 0.0723244
2 1 37347.1 547.725 314179 4768.61 0.0164055 0.00194926
2 2 36611.2 2007.64 388506 21797.8 0.0571259 0.00401314
2 3 36995.2 3938.36 542372 58422.4 0.110943 0.0063358
2 4 37140.3 5022.56 787306 107600 0.145518 0.00861745
2 5 35857.6 6721.94 1.14273e+06 215973 0.199922 0.0121702
2 6 37895 7994 1.86256e+06 388052 0.229071 0.0154189
2 7 36612.2 8054.61 2.79211e+06 616082 0.24746 0.0206755
2 8 38326 10055 4.64419e+06 1.20767e+06 0.307062 0.0277759
2 9 53741.9 10582.3 1.17534e+07 2.20761e+06 0.221632 0.027649
2 10 32787.4 8779.04 1.2733e+07 3.40485e+06 0.294578 0.0506844
3 1 73046.4 681.421 614208 5962.48 0.0104767 0.00111944
3 2 73840.2 4148.12 783746 45413.4 0.0589512 0.00288144
3 3 70885 7453.43 1.03811e+06 110143 0.108583 0.00451187
3 4 71142.4 11066.5 1.51648e+06 238358 0.161154 0.00644944
3 5 70220.4 12119 2.22852e+06 385687 0.183462 0.0083618
3 6 70200 14287.6 3.42385e+06 699366 0.222075 0.011302
3 7 75546.6 15803.7 5.76314e+06 1.20017e+06 0.236742 0.014116
3 8 72215.8 17401.3 8.72649e+06 2.10722e+06 0.282896 0.0197916
3 9 98052.9 23277 2.17571e+07 5.06516e+06 0.269632 0.0222272
3 10 74444.9 17502.7 2.94312e+07 7.06788e+06 0.24686 0.0318652
4 1 121469 1296.08 1.02165e+06 11293.6 0.0113634 0.000900217
4 2 124217 7015.64 1.31977e+06 76519.5 0.0581291 0.00219843
4 3 122114 13323.9 1.79142e+06 198596 0.115186 0.00356307
4 4 121499 15417.4 2.57786e+06 329654 0.136351 0.00461967
4 5 120472 19616.3 3.83724e+06 618365 0.174824 0.00627363
4 6 124342 24888.9 6.06365e+06 1.21824e+06 0.219637 0.00847441
4 7 129001 25468.2 9.86258e+06 1.94201e+06 0.218977 0.0103896
4 8 120109 25278.9 1.45682e+07 3.05741e+06 0.248532 0.0145385
4 9 189173 42649.3 4.19949e+07 9.30914e+06 0.248745 0.0151582
4 10 120853 28789.5 4.83741e+07 1.17254e+07 0.269295 0.0261739
5 1 187914 1840.83 1.58063e+06 16084.2 0.0104908 0.00069666
5 2 186291 8877.99 1.97988e+06 96489.7 0.0504763 0.00168248
5 3 186697 16081.8 2.7337e+06 237675 0.0910701 0.00258153
5 4 191020 23368 4.04865e+06 498019 0.129676 0.00359409
5 5 186796 28012.6 5.9536e+06 895686 0.161075 0.00489066
5 6 187569 34794.4 9.17328e+06 1.71171e+06 0.200464 0.00664041
5 7 185210 35180.6 1.41275e+07 2.67067e+06 0.21158 0.00856769
5 8 186213 36587.8 2.2405e+07 4.41548e+06 0.225377 0.0111263
5 9 295737 64048 6.52976e+07 1.40898e+07 0.24045 0.0121078
5 10 163778 35762 6.6103e+07 1.43724e+07 0.23827 0.0213657
6 1 291222 1794.74 2.44927e+06 15664.6 0.00680362 0.000451728
6 2 288588 11436.4 3.06762e+06 124665 0.0415216 0.00123133
6 3 289786 21905.8 4.24706e+06 325691 0.0794646 0.00194959
6 4 283280 33225.3 6.00596e+06 713607 0.125821 0.00292856
6 5 287316 38431.1 9.16117e+06 1.22612e+06 0.145303 0.00378759
6 6 285232 40855.9 1.39596e+07 2.01096e+06 0.161818 0.00497838
6 7 292066 45645.7 2.23236e+07 3.50876e+06 0.178992 0.00642717
6 8 296679 50410.5 3.59437e+07 6.10082e+06 0.202479 0.00854156
6 9 427755 79899.5 9.39426e+07 1.76523e+07 0.209228 0.00966581
6 10 289740 51986.5 1.16047e+08 2.09858e+07 0.195349 0.014866
7 1 187429 1138.12 1.57632e+06 9906.43 0.00652035 0.000550034
7 2 187400 5793.41 1.99286e+06 62990.3 0.0333765 0.00137874
7 3 189383 11850.3 2.77411e+06 176351 0.0655682 0.00220621
7 4 187256 17955.1 3.9683e+06 384262 0.103472 0.00330069
7 5 187047 22131.9 5.94678e+06 706894 0.126829 0.00441249
7 6 186783 24244.5 9.13295e+06 1.19193e+06 0.145442 0.00587789
7 7 189910 27426.2 1.4518e+07 2.12217e+06 0.163445 0.00768188
7 8 185913 26401.3 2.25884e+07 3.17072e+06 0.176485 0.0103021
7 9 277200 44183.3 6.15091e+07 9.74486e+06 0.183765 0.011393
7 10 198967 29546 8.06486e+07 1.22116e+07 0.156037 0.0165281
8 1 181720 967.606 1.52876e+06 8448.96 0.00588885 0.000532337
8 2 182783 4964.36 1.94201e+06 54250.6 0.0289158 0.00130285
8 3 184265 10088.2 2.6975e+06 149697 0.0582729 0.00211879
8 4 180729 14283.5 3.83675e+06 307178 0.0850496 0.00307223
8 5 185516 18705.9 5.9e+06 599697 0.111277 0.00420412
8 6 183671 20446.5 8.964e+06 1.00581e+06 0.126391 0.00557441
8 7 179122 22074.4 1.36321e+07 1.65641e+06 0.145237 0.007543
8 8 179495 22410.5 2.17795e+07 2.72394e+06 0.153212 0.00984618
8 9 281494 44139.2 6.23489e+07 1.00025e+07 0.173344 0.0108312
8 10 177544 23502 7.13391e+07 9.68359e+06 0.15383 0.017255
